1.000000e+00 1.000000e+00
2.000000e+00 2.000000e+00
3.000000e+00 6.000000e+00
4.000000e+00 2.400000e+01
5.000000e+00 1.200000e+02
6.000000e+00 7.200000e+02
7.000000e+00 5.040000e+03
8.000000e+00 4.032000e+04
9.000000e+00 3.628800e+05
1.000000e+01 3.628800e+06
1.100000e+01 3.991680e+07
1.200000e+01 4.790016e+08
1.300000e+01 6.227021e+09
1.400000e+01 8.717829e+10
1.500000e+01 1.307674e+12
1.600000e+01 2.092279e+13
1.700000e+01 3.556874e+14
1.800000e+01 6.402374e+15
1.900000e+01 1.216451e+17
2.000000e+01 2.432902e+18
2.100000e+01 5.109094e+19
2.200000e+01 1.124001e+21
2.300000e+01 2.585202e+22
2.400000e+01 6.204484e+23
2.500000e+01 1.551121e+25
2.600000e+01 4.032915e+26
2.700000e+01 1.088887e+28
2.800000e+01 3.048883e+29
2.900000e+01 8.841762e+30
3.000000e+01 2.652529e+32
3.100000e+01 8.222839e+33
3.200000e+01 2.631308e+35
3.300000e+01 8.683318e+36
3.400000e+01 2.952328e+38
3.500000e+01 1.033315e+40
3.600000e+01 3.719933e+41
3.700000e+01 1.376375e+43
3.800000e+01 5.230226e+44
3.900000e+01 2.039788e+46
4.000000e+01 8.159153e+47
4.100000e+01 3.345253e+49
4.200000e+01 1.405006e+51
4.300000e+01 6.041526e+52
4.400000e+01 2.658272e+54
4.500000e+01 1.196222e+56
4.600000e+01 5.502622e+57
4.700000e+01 2.586232e+59
4.800000e+01 1.241392e+61
4.900000e+01 6.082819e+62
5.000000e+01 3.041409e+64
5.100000e+01 1.551119e+66
5.200000e+01 8.065818e+67
5.300000e+01 4.274883e+69
5.400000e+01 2.308437e+71
5.500000e+01 1.269640e+73
5.600000e+01 7.109986e+74
5.700000e+01 4.052692e+76
5.800000e+01 2.350561e+78
5.900000e+01 1.386831e+80
6.000000e+01 8.320987e+81
6.100000e+01 5.075802e+83
6.200000e+01 3.146997e+85
6.300000e+01 1.982608e+87
6.400000e+01 1.268869e+89
6.500000e+01 8.247651e+90
6.600000e+01 5.443449e+92
6.700000e+01 3.647111e+94
6.800000e+01 2.480036e+96
6.900000e+01 1.711225e+98
7.000000e+01 1.197857e+100
7.100000e+01 8.504786e+101
7.200000e+01 6.123446e+103
7.300000e+01 4.470115e+105
7.400000e+01 3.307885e+107
7.500000e+01 2.480914e+109
7.600000e+01 1.885495e+111
7.700000e+01 1.451831e+113
7.800000e+01 1.132428e+115
7.900000e+01 8.946182e+116
8.000000e+01 7.156946e+118
8.100000e+01 5.797126e+120
8.200000e+01 4.753643e+122
8.300000e+01 3.945524e+124
8.400000e+01 3.314240e+126
8.500000e+01 2.817104e+128
8.600000e+01 2.422710e+130
8.700000e+01 2.107757e+132
8.800000e+01 1.854826e+134
8.900000e+01 1.650796e+136
9.000000e+01 1.485716e+138
9.100000e+01 1.352002e+140
9.200000e+01 1.243841e+142
9.300000e+01 1.156773e+144
9.400000e+01 1.087366e+146
9.500000e+01 1.032998e+148
9.600000e+01 9.916779e+149
9.700000e+01 9.619276e+151
9.800000e+01 9.426890e+153
9.900000e+01 9.332622e+155
1.000000e+02 9.332622e+157
1.010000e+02 9.425948e+159
1.020000e+02 9.614467e+161
1.030000e+02 9.902901e+163
1.040000e+02 1.029902e+166
1.050000e+02 1.081397e+168
1.060000e+02 1.146281e+170
1.070000e+02 1.226520e+172
1.080000e+02 1.324642e+174
1.090000e+02 1.443860e+176
1.100000e+02 1.588246e+178
1.110000e+02 1.762953e+180
1.120000e+02 1.974507e+182
1.130000e+02 2.231193e+184
1.140000e+02 2.543560e+186
1.150000e+02 2.925094e+188
1.160000e+02 3.393109e+190
1.170000e+02 3.969937e+192
1.180000e+02 4.684526e+194
1.190000e+02 5.574586e+196
1.200000e+02 6.689503e+198
1.210000e+02 8.094299e+200
1.220000e+02 9.875044e+202
1.230000e+02 1.214630e+205
1.240000e+02 1.506142e+207
1.250000e+02 1.882677e+209
1.260000e+02 2.372173e+211
1.270000e+02 3.012660e+213
1.280000e+02 3.856205e+215
1.290000e+02 4.974504e+217
1.300000e+02 6.466855e+219
1.310000e+02 8.471581e+221
1.320000e+02 1.118249e+224
1.330000e+02 1.487271e+226
1.340000e+02 1.992943e+228
1.350000e+02 2.690473e+230
1.360000e+02 3.659043e+232
1.370000e+02 5.012889e+234
1.380000e+02 6.917786e+236
1.390000e+02 9.615723e+238
1.400000e+02 1.346201e+241
1.410000e+02 1.898144e+243
1.420000e+02 2.695364e+245
1.430000e+02 3.854371e+247
1.440000e+02 5.550294e+249
1.450000e+02 8.047926e+251
1.460000e+02 1.174997e+254
1.470000e+02 1.727246e+256
1.480000e+02 2.556324e+258
1.490000e+02 3.808923e+260
1.500000e+02 5.713384e+262
1.510000e+02 8.627210e+264
1.520000e+02 1.311336e+267
1.530000e+02 2.006344e+269
1.540000e+02 3.089770e+271
1.550000e+02 4.789143e+273
1.560000e+02 7.471063e+275
1.570000e+02 1.172957e+278
1.580000e+02 1.853272e+280
1.590000e+02 2.946702e+282
1.600000e+02 4.714724e+284
1.610000e+02 7.590705e+286
1.620000e+02 1.229694e+289
1.630000e+02 2.004402e+291
1.640000e+02 3.287219e+293
1.650000e+02 5.423911e+295
1.660000e+02 9.003692e+297
1.670000e+02 1.503617e+300
1.680000e+02 2.526076e+302
1.690000e+02 4.269068e+304
1.700000e+02 7.257416e+306
